1014
0 200 184
1 203 201
2 229 206
3 221 189
4 203 191
5 158 225
6 197 205
7 190 202
8 222 206
9 197 220
10 185 195
11 189 196
12 237 217
13 213 211
14 188 240
15 211 206
16 183 211
17 175 198
18 198 187
19 164 206
20 214 198
21 182 214
22 197 195
23 211 180
24 207 175
25 231 175
26 170 210
27 188 229
28 227 227
29 173 178
30 212 204
31 241 182
32 219 181
33 238 196
34 202 181
35 219 195
36 202 200
37 204 197
38 224 225
39 193 195
40 197 169
41 201 173
42 181 178
43 163 193
44 216 199
45 202 194
46 219 203
47 225 205
48 195 206
49 192 167
50 195 178
51 208 181
52 212 162
53 242 201
54 175 190
55 205 213
56 220 198
57 215 175
58 207 198
59 187 206
60 210 211
61 218 223
62 198 206
63 223 207
64 217 205
65 215 212
66 161 221
67 190 191
68 213 189
69 197 157
70 202 168
71 164 203
72 205 194
73 211 183
74 175 168
75 207 186
76 210 192
77 169 194
78 191 192
79 204 201
80 236 192
81 202 220
82 163 228
83 224 175
84 218 208
85 196 225
86 218 197
87 198 198
88 196 186
89 204 189
90 190 168
91 201 188
92 212 205
93 215 227
94 199 217
95 177 191
96 180 192
97 198 181
98 177 187
99 173 193
100 223 218
101 223 186
102 181 172
103 168 190
104 206 221
105 187 197
106 183 190
107 222 177
108 217 214
109 194 224
110 240 206
111 220 199
112 237 192
113 222 170
114 194 203
115 202 184
116 206 219
117 171 220
118 224 176
119 194 223
120 173 205
121 200 218
122 194 235
123 184 213
124 202 209
125 172 193
126 222 196
127 165 187
128 243 199
129 175 201
130 188 198
131 217 234
132 221 172
133 184 183
134 172 198
135 194 209
136 196 203
137 202 170
138 184 199
139 170 185
140 221 216
141 217 171
142 180 198
143 181 207
144 159 197
145 206 200
146 229 202
147 186 200
148 198 185
149 178 205
150 197 178
151 212 194
152 209 193
153 193 199
154 199 205
155 186 186
156 209 196
157 166 198
158 229 199
159 178 211
160 232 212
161 198 211
162 195 213
163 195 214
164 183 211
165 199 187
166 197 214
167 231 189
168 199 218
169 159 159
170 205 227
171 195 202
172 210 183
173 195 195
174 187 183
175 174 204
176 211 209
177 145 172
178 201 205
179 224 171
180 189 231
181 207 205
182 193 182
183 197 217
184 209 212
185 204 248
186 182 222
187 226 196
188 229 185
189 170 208
190 229 218
191 232 210
192 216 182
193 172 199
194 197 189
195 200 200
196 189 181
197 183 220
198 218 186
199 236 144
200 199 174
201 198 184
202 182 186
203 199 172
204 202 205
205 214 201
206 186 182
207 176 173
208 182 202
209 192 189
210 184 180
211 180 215
212 237 193
213 197 181
214 223 219
215 203 180
216 186 225
217 171 157
218 187 168
219 175 235
220 174 168
221 210 196
222 186 203
223 217 210
224 214 163
225 209 216
226 198 177
227 232 191
228 203 204
229 183 191
230 163 200
231 189 169
232 197 191
233 184 190
234 210 212
235 190 188
236 216 172
237 153 214
238 169 226
239 208 237
240 220 159
241 202 203
242 201 239
243 221 215
244 204 162
245 217 199
246 210 215
247 199 199
248 196 217
249 191 178
250 210 190
251 196 188
252 192 192
253 257 172
254 212 193
255 182 187
256 203 222
257 170 183
258 235 185
259 228 215
260 173 204
261 187 199
262 183 176
263 213 205
264 236 184
265 230 152
266 197 202
267 174 189
268 174 184
269 212 212
270 218 189
271 187 220
272 166 207
273 216 183
274 212 190
275 204 199
276 234 178
277 172 169
278 198 206
279 197 176
280 207 207
281 171 211
282 221 181
283 204 200
284 192 199
285 182 162
286 215 197
287 227 183
288 214 203
289 219 189
290 228 196
291 179 207
292 200 190
293 215 199
294 186 214
295 194 187
296 203 210
297 212 207
298 198 183
299 211 237
300 232 214
301 206 189
302 188 196
303 217 222
304 191 250
305 196 168
306 196 188
307 171 228
308 179 213
309 213 160
310 203 213
311 159 230
312 186 220
313 211 198
314 162 203
315 204 179
316 183 163
317 197 174
318 217 217
319 211 228
320 208 196
321 194 193
322 211 181
323 248 196
324 190 191
325 180 153
326 201 198
327 203 203
328 215 203
329 184 183
330 203 218
331 188 169
332 222 219
333 197 168
334 201 178
335 201 229
336 209 207
337 213 190
338 203 206
339 259 184
340 166 196
341 170 222
342 206 221
343 166 212
344 199 193
345 181 225
346 217 205
347 189 200
348 196 177
349 184 208
350 178 181
351 192 207
352 196 219
353 210 217
354 195 181
355 174 179
356 200 174
357 203 218
358 194 211
359 228 193
360 181 241
361 169 212
362 223 253
363 166 167
364 233 205
365 182 241
366 171 181
367 186 191
368 202 193
369 178 205
370 200 203
371 198 204
372 192 216
373 198 179
374 214 205
375 180 226
376 191 178
377 202 201
378 194 194
379 130 206
380 210 198
381 208 199
382 226 234
383 218 236
384 221 187
385 177 203
386 212 226
387 223 215
388 189 176
389 179 225
390 218 211
391 218 192
392 192 193
393 202 214
394 186 215
395 205 183
396 189 177
397 198 178
398 164 197
399 181 205
400 173 194
401 173 209
402 198 212
403 208 200
404 194 192
405 197 151
406 188 191
407 201 209
408 208 171
409 176 208
410 182 185
411 189 188
412 171 167
413 180 213
414 194 243
415 204 236
416 197 197
417 193 197
418 180 213
419 232 220
420 221 183
421 212 223
422 232 187
423 209 221
424 222 233
425 207 162
426 216 179
427 228 212
428 210 224
429 223 227
430 179 175
431 182 197
432 205 223
433 216 164
434 190 187
435 203 162
436 203 200
437 201 219
438 171 195
439 179 212
440 218 175
441 235 199
442 182 205
443 193 200
444 202 181
445 207 168
446 199 221
447 194 196
448 209 213
449 192 198
450 220 225
451 206 172
452 246 222
453 195 204
454 218 205
455 183 211
456 196 161
457 197 211
458 191 231
459 226 208
460 208 223
461 185 242
462 187 193
463 218 181
464 167 186
465 217 194
466 159 216
467 231 206
468 211 207
469 178 205
470 186 192
471 214 206
472 199 196
473 190 203
474 204 207
475 194 222
476 195 201
477 197 202
478 174 235
479 192 177
480 188 209
481 208 200
482 192 197
483 212 183
484 213 179
485 220 178
486 181 204
487 203 219
488 205 211
489 248 220
490 205 174
491 202 210
492 173 206
493 195 225
494 181 236
495 176 167
496 198 195
497 190 200
498 202 207
499 182 169
500 170 180
501 168 216
502 182 240
503 150 184
504 197 208
505 193 194
506 199 198
507 173 222
508 175 202
509 202 211
510 224 195
511 185 196
512 179 205
513 195 187
514 186 212
515 191 179
516 169 166
517 191 174
518 213 206
519 212 185
520 202 208
521 192 207
522 212 213
523 193 190
524 172 191
525 194 212
526 215 180
527 177 197
528 193 204
529 205 204
530 167 161
531 188 199
532 196 189
533 192 182
534 211 185
535 191 172
536 217 237
537 199 208
538 222 175
539 236 168
540 203 216
541 197 213
542 177 229
543 192 225
544 157 197
545 197 186
546 222 199
547 184 184
548 217 197
549 171 175
550 194 234
551 222 168
552 171 213
553 202 193
554 188 222
555 198 222
556 173 199
557 200 194
558 203 231
559 210 209
560 170 219
561 206 199
562 216 178
563 200 242
564 178 207
565 210 215
566 179 194
567 211 202
568 175 202
569 214 215
570 217 175
571 202 206
572 208 180
573 196 195
574 212 210
575 229 172
576 203 198
577 186 200
578 139 180
579 190 191
580 212 191
581 198 211
582 206 218
583 183 207
584 196 189
585 203 224
586 189 171
587 230 185
588 195 196
589 155 196
590 198 222
591 179 167
592 189 184
593 193 237
594 226 199
595 200 193
596 205 158
597 228 236
598 231 180
599 207 155
600 203 219
601 215 189
602 200 178
603 235 204
604 200 248
605 211 193
606 172 205
607 189 188
608 188 177
609 216 234
610 221 221
611 185 193
612 188 161
613 204 190
614 193 187
615 196 219
616 185 213
617 189 210
618 182 198
619 221 175
620 224 221
621 228 196
622 209 199
623 191 237
624 191 192
625 190 185
626 205 186
627 227 164
628 214 176
629 217 199
630 221 203
631 232 231
632 196 206
633 214 196
634 204 200
635 168 198
636 207 191
637 209 206
638 202 222
639 211 209
640 210 201
641 197 179
642 195 210
643 206 199
644 208 215
645 207 208
646 208 191
647 205 175
648 209 191
649 203 208
650 206 223
651 208 188
652 191 184
653 212 213
654 211 229
655 170 193
656 186 249
657 197 226
658 170 186
659 172 193
660 185 210
661 226 212
662 200 201
663 228 197
664 180 225
665 203 214
666 201 199
667 202 183
668 179 196
669 211 171
670 219 202
671 171 186
672 191 189
673 192 215
674 189 203
675 182 224
676 210 225
677 220 201
678 206 192
679 205 182
680 200 174
681 155 211
682 202 198
683 159 193
684 196 206
685 190 208
686 209 196
687 226 200
688 201 223
689 208 226
690 215 193
691 187 176
692 183 218
693 195 186
694 212 180
695 203 214
696 232 227
697 182 225
698 205 199
699 194 202
700 165 213
701 207 152
702 234 182
703 181 203
704 254 191
705 217 195
706 194 185
707 190 182
708 201 206
709 192 214
710 222 205
711 205 220
712 218 191
713 173 185
714 173 170
715 209 178
716 212 214
717 201 193
718 223 204
719 172 212
720 227 185
721 175 208
722 167 214
723 169 220
724 143 203
725 209 215
726 209 221
727 185 205
728 229 199
729 201 169
730 207 195
731 191 209
732 155 201
733 224 192
734 204 160
735 213 180
736 156 222
737 193 187
738 191 236
739 184 220
740 186 168
741 188 233
742 191 210
743 161 219
744 178 207
745 174 185
746 173 216
747 171 232
748 193 193
749 156 220
750 212 149
751 202 182
752 199 202
753 211 195
754 204 206
755 182 211
756 157 143
757 210 169
758 211 174
759 201 207
760 196 197
761 207 183
762 183 210
763 221 211
764 208 187
765 178 198
766 225 180
767 182 214
768 176 214
769 182 214
770 179 194
771 201 164
772 175 194
773 182 165
774 173 227
775 204 195
776 171 178
777 173 219
778 238 202
779 169 203
780 199 173
781 193 205
782 164 190
783 206 211
784 196 218
785 167 218
786 211 201
787 178 212
788 180 218
789 213 197
790 183 190
791 180 187
792 198 223
793 199 180
794 201 195
795 231 198
796 195 177
797 196 190
798 215 194
799 189 191
800 185 225
801 236 207
802 177 171
803 222 186
804 172 196
805 218 200
806 224 198
807 220 183
808 221 220
809 233 194
810 219 213
811 179 205
812 213 195
813 198 198
814 188 195
815 212 218
816 182 206
817 237 199
818 169 219
819 193 226
820 223 176
821 188 207
822 206 184
823 204 190
824 152 232
825 200 179
826 188 239
827 185 178
828 175 218
829 230 188
830 190 167
831 168 163
832 219 219
833 195 182
834 197 201
835 232 211
836 147 179
837 182 223
838 191 196
839 196 180
840 184 189
841 173 219
842 224 200
843 209 182
844 208 172
845 177 192
846 214 207
847 169 170
848 200 199
849 187 184
850 186 198
851 199 182
852 203 210
853 161 196
854 199 198
855 177 211
856 184 199
857 197 217
858 185 208
859 190 183
860 200 198
861 201 164
862 210 189
863 169 223
864 230 227
865 168 244
866 165 207
867 215 190
868 218 177
869 190 227
870 159 222
871 194 209
872 142 192
873 222 175
874 178 174
875 205 196
876 207 201
877 192 210
878 207 183
879 204 205
880 196 180
881 176 197
882 218 195
883 217 200
884 216 200
885 203 194
886 197 188
887 233 202
888 197 191
889 181 163
890 202 185
891 200 177
892 208 212
893 207 180
894 238 194
895 202 214
896 206 213
897 202 192
898 188 203
899 210 196
900 204 200
901 218 214
902 161 192
903 192 193
904 214 184
905 226 188
906 192 203
907 204 182
908 186 185
909 190 213
910 195 195
911 223 215
912 173 204
913 181 194
914 197 213
915 173 197
916 236 169
917 186 228
918 187 172
919 192 195
920 168 168
921 198 207
922 190 176
923 165 176
924 182 217
925 211 208
926 195 178
927 203 234
928 178 218
929 183 205
930 214 222
931 219 196
932 189 204
933 203 187
934 229 256
935 173 202
936 192 194
937 173 191
938 208 197
939 242 227
940 198 202
941 208 229
942 189 186
943 184 217
944 200 212
945 184 170
946 198 186
947 230 181
948 212 210
949 156 161
950 220 201
951 202 198
952 193 201
953 174 220
954 175 226
955 185 216
956 201 175
957 179 178
958 219 159
959 209 223
960 224 219
961 189 201
962 212 188
963 167 258
964 214 192
965 165 167
966 196 204
967 223 210
968 191 175
969 213 198
970 187 175
971 198 196
972 204 206
973 210 201
974 206 197
975 191 238
976 208 177
977 200 182
978 201 214
979 212 211
980 188 223
981 171 221
982 199 188
983 188 197
984 185 249
985 186 196
986 213 258
987 210 207
988 224 209
989 186 205
990 181 198
991 206 194
992 179 171
993 170 224
994 198 188
995 183 187
996 215 203
997 195 202
998 201 178
999 181 190
1000 215 221
1001 205 191
1002 166 206
1003 207 179
1004 217 200
1005 189 206
1006 235 209
1007 193 218
1008 222 189
1009 214 180
1010 197 201
1011 202 177
1012 206 221
1013 263 210
